1000004
1000959
1003277
1003482
1005949
1006199
1006489
1006509
1008947
1010059
1010277
1012329
1014132
1016565
1016676
1017204
1017537
1017605
1018918
1019470
1025348
1026372
10276
1027812
1028711
1029772
1030623
1031033
1031502
1031684
1034703
1034839
1035078
1036627
1038184
1038830
1039052
1039298
1040703
1041050
1043064
1043914
1043995
1045135
1046569
1047088
1047625
1048361
1048876
1050253
1051755
1052089
1053901
1054186
1057015
1065227
1072506
1073358
1078222
1082265
1082603
1082701
1083307
1084354
1085245
1085327
1085533
1085845
1086855
1086933
1086974
1086976
1087042
1087238
1087589
1087728
1087835
1089696
1089804
1089964
1093507
1093875
1094215
1094249
1094271
1094519
1094566
1094991
1095469
1095542
1095654
1095687
1095705
1095922
1095955
1095971
1097023
1097066
1097223
1097373
1098111
1098180
1098608
1098725
1099072
1099219
1099700
1100218
1100229
1101298
146244
148761
157149
160312
161117
161418
166111
171691
185009
20356
209651
210442
212251
222158
224314
226509
231292
231298
249821
250636
25534
255633
257309
262974
267187
277785
278542
286160
297019
298113
299023
299094
303045
314907
323815
330450
331352
335711
348869
351820
362016
390484
399617
416457
418032
425330
427730
437752
440098
503401
50498
519145
53991
540456
556976
558448
562821
565696
569939
571237
575096
575492
577167
588829
591898
596088
601624
601684
604673
605651
612846
613694
613852
626318
626462
626701
631724
632455
634126
634174
63548
636434
639163
641284
649294
65038
652961
65488
656602
658498
659182
660957
664138
685591
686260
694560
721885
727765
73094
733186
734198
737940
754191
759062
765583
771170
77424
780215
788484
789997
801907
808235
80876
810270
820899
821068
825948
828588
831784
833268
835478
837181
846082
847726
849561
851425
860078
865616
869348
869891
870693
880766
884533
885153
885184
885308
885932
896479
901355
909547
910870
913137
914321
914545
915305
918324
921621
927989
931772
941515
944181
944231
948532
952452
953355
961048
961097
962443
964577
968608
971233
974201
975040
984434
986316
987100
991138
991762
992224
992365
9926
993255
993834
994085
994479
997542
997744
998062
998641